% teszteset(I, FL, Megoldasok):
% Az I-edik teszteset feladatleiroja FL, a megoldasok listaja Megoldasok.
teszteset(1,szt(6,3,[i(1,2,1),i(2,1,2),i(2,4,1),i(3,2,0),i(3,3,3),i(4,1,3),i(6,4,2)]),
          [
           [
            [0,1,2,0,3,0],
            [2,3,0,1,0,0],
            [1,0,3,0,2,0],
            [3,2,0,0,0,1],
            [0,0,1,3,0,2],
            [0,0,0,2,1,3]
           ],
           [
            [0,1,2,3,0,0],
            [2,3,0,1,0,0],
            [1,0,3,0,2,0],
            [3,2,0,0,0,1],
            [0,0,1,0,3,2],
            [0,0,0,2,1,3]
           ]
          ]
         ).
teszteset(2,szt(7,4,[i(2,4,4),i(3,1,1),i(4,2,2),i(4,7,1),i(6,2,4),i(6,6,1)]),
          [
           [
            [0,0,1,2,3,0,4],
            [2,0,3,4,1,0,0],
            [1,3,4,0,0,2,0],
            [4,2,0,0,0,3,1],
            [3,1,0,0,0,4,2],
            [0,4,0,3,2,1,0],
            [0,0,2,1,4,0,3]
           ]
          ]
         ).
teszteset(3,szt(9,5,[i(1,1,0),i(1,2,1),i(2,2,5),i(2,5,1),i(2,8,3),i(4,2,4),i(5,3,3),i(5,4,4),i(5,5,5),i(6,1,5),i(7,4,1),i(9,3,4)]),
          [
           [
            [0,1,0,2,3,4,5,0,0],
            [4,5,0,0,1,2,0,3,0],
            [3,0,5,0,0,1,2,4,0],
            [2,4,0,0,0,0,3,5,1],
            [1,0,3,4,5,0,0,0,2],
            [5,0,2,0,0,0,4,1,3],
            [0,3,0,1,0,5,0,2,4],
            [0,2,1,5,4,3,0,0,0],
            [0,0,4,3,2,0,1,0,5]
           ]
          ]
         ).
teszteset(4,szt(10,5,[i(2,4,5),i(4,6,5),i(4,10,1),i(7,1,1),i(7,3,4),i(8,7,1),i(9,4,1),i(9,9,2),i(10,8,1)]),
          [
           [
            [0,1,0,2,3,4,5,0,0,0],
            [4,0,0,5,0,1,0,2,3,0],
            [0,5,0,0,1,2,3,0,4,0],
            [0,0,2,3,4,5,0,0,0,1],
            [3,4,1,0,0,0,0,0,5,2],
            [2,3,5,0,0,0,0,4,1,0],
            [1,2,4,0,0,0,0,5,0,3],
            [5,0,3,0,2,0,1,0,0,4],
            [0,0,0,1,5,0,4,3,2,0],
            [0,0,0,4,0,3,2,1,0,5]
           ]
          ]
         ).
teszteset(5,szt(11,4,[i(1,6,4),i(2,4,3),i(2,10,4),i(3,6,3),i(4,7,1),i(4,11,3),i(5,5,1),i(5,7,2),i(6,1,1),i(6,3,3),i(7,8,2),i(9,2,3),i(9,4,1),i(9,10,2),i(10,10,3),i(11,1,3),i(11,9,1),i(11,11,4)]),
          [
           [
            [0,0,1,2,3,4,0,0,0,0,0],
            [2,0,0,3,0,0,0,0,0,4,1],
            [0,0,0,0,0,3,4,1,0,0,2],
            [0,0,4,0,0,0,1,0,2,0,3],
            [0,0,0,4,1,0,2,0,3,0,0],
            [1,2,3,0,0,0,0,0,4,0,0],
            [0,1,0,0,4,0,3,2,0,0,0],
            [0,4,2,0,0,0,0,3,0,1,0],
            [4,3,0,1,0,0,0,0,0,2,0],
            [0,0,0,0,2,1,0,4,0,3,0],
            [3,0,0,0,0,2,0,0,1,0,4]
           ],
           [
            [0,0,1,2,3,4,0,0,0,0,0],
            [2,0,0,3,0,0,0,0,0,4,1],
            [0,0,0,0,0,3,4,1,0,0,2],
            [0,0,4,0,0,0,1,0,2,0,3],
            [0,0,0,4,1,0,2,0,3,0,0],
            [1,2,3,0,4,0,0,0,0,0,0],
            [0,1,0,0,0,0,3,2,4,0,0],
            [0,4,2,0,0,0,0,3,0,1,0],
            [4,3,0,1,0,0,0,0,0,2,0],
            [0,0,0,0,2,1,0,4,0,3,0],
            [3,0,0,0,0,2,0,0,1,0,4]
           ],
           [
            [0,0,1,2,3,4,0,0,0,0,0],
            [2,0,0,3,0,0,0,0,0,4,1],
            [0,0,0,0,0,3,4,1,0,0,2],
            [0,0,4,0,0,0,1,0,2,0,3],
            [0,0,0,4,1,0,2,0,3,0,0],
            [1,2,3,0,4,0,0,0,0,0,0],
            [4,1,0,0,0,0,3,2,0,0,0],
            [0,4,2,0,0,0,0,3,0,1,0],
            [0,3,0,1,0,0,0,0,4,2,0],
            [0,0,0,0,2,1,0,4,0,3,0],
            [3,0,0,0,0,2,0,0,1,0,4]
           ],
           [
            [0,0,1,2,3,4,0,0,0,0,0],
            [2,0,0,3,0,0,0,0,0,4,1],
            [0,0,0,0,0,3,4,1,0,0,2],
            [0,0,4,0,0,0,1,0,2,0,3],
            [0,0,0,4,1,0,2,0,3,0,0],
            [1,2,3,0,4,0,0,0,0,0,0],
            [4,1,0,0,0,0,3,2,0,0,0],
            [0,4,2,0,0,0,0,3,0,1,0],
            [0,3,0,1,0,0,0,4,0,2,0],
            [0,0,0,0,2,1,0,0,4,3,0],
            [3,0,0,0,0,2,0,0,1,0,4]
           ]
          ]
         ).
teszteset(6,szt(11,6,[i(1,9,5),i(2,5,6),i(3,6,5),i(4,6,2),i(5,10,6),i(6,1,2),i(7,6,6),i(8,9,1),i(8,11,5),i(9,7,4),i(10,7,6),i(11,8,1)]),
          [
           [
            [0,0,0,1,2,3,0,4,5,0,6],
            [0,0,0,5,6,0,1,2,3,4,0],
            [0,2,0,3,4,5,0,6,0,0,1],
            [4,0,6,0,1,2,3,0,0,5,0],
            [3,1,5,0,0,4,0,0,0,6,2],
            [2,6,4,0,0,0,5,0,0,1,3],
            [1,5,3,0,0,6,0,0,0,2,4],
            [6,4,2,0,0,0,0,0,1,3,5],
            [0,0,1,6,5,0,4,3,2,0,0],
            [0,3,0,2,0,1,6,5,4,0,0],
            [5,0,0,4,3,0,2,1,6,0,0]
           ]
          ]
         ).
teszteset(7,szt(12,6,[i(1,4,1),i(4,6,2),i(5,10,2),i(6,2,1),i(6,4,4),i(6,5,6),i(6,11,5),i(6,12,2),i(8,3,3),i(10,6,1),i(11,11,3),i(12,6,3)]),
          [
           [
            [0,0,0,1,2,0,0,3,4,5,0,6],
            [4,0,0,5,0,6,1,2,3,0,0,0],
            [0,0,0,2,3,4,5,6,0,1,0,0],
            [0,0,6,0,1,2,3,4,5,0,0,0],
            [3,0,5,0,0,0,0,0,6,2,4,1],
            [0,1,0,4,6,0,0,0,0,3,5,2],
            [2,6,4,0,5,0,0,0,1,0,0,3],
            [1,5,3,0,0,0,0,0,2,0,6,4],
            [6,4,2,3,0,0,0,0,0,0,1,5],
            [0,3,0,0,0,1,6,5,0,4,2,0],
            [0,2,1,6,0,5,4,0,0,0,3,0],
            [5,0,0,0,4,3,2,1,0,6,0,0]
           ]
          ]
         ).
teszteset(8,szt(13,3,[i(1,11,1),i(2,2,1),i(2,5,3),i(3,7,1),i(3,10,2),i(3,11,3),i(4,4,3),i(4,12,1),i(5,2,3),i(7,6,2),i(7,8,1),i(8,5,1),i(9,1,2),i(9,13,1),i(10,6,1),i(11,3,3),i(12,10,3),i(13,12,3)]),
          [
           [
            [0,0,0,0,0,0,0,0,0,0,1,2,3],
            [0,1,0,2,3,0,0,0,0,0,0,0,0],
            [0,0,0,0,0,0,1,0,0,2,3,0,0],
            [0,0,2,3,0,0,0,0,0,0,0,1,0],
            [0,3,0,0,0,0,0,2,0,1,0,0,0],
            [0,0,1,0,2,3,0,0,0,0,0,0,0],
            [0,0,0,0,0,2,3,1,0,0,0,0,0],
            [3,2,0,0,1,0,0,0,0,0,0,0,0],
            [2,0,0,0,0,0,0,0,3,0,0,0,1],
            [0,0,0,0,0,1,0,3,2,0,0,0,0],
            [0,0,3,0,0,0,2,0,1,0,0,0,0],
            [0,0,0,1,0,0,0,0,0,3,2,0,0],
            [1,0,0,0,0,0,0,0,0,0,0,3,2]
           ],
           [
            [0,0,0,0,0,0,0,0,0,0,1,2,3],
            [0,1,0,2,3,0,0,0,0,0,0,0,0],
            [0,0,0,0,0,0,1,0,0,2,3,0,0],
            [0,0,2,3,0,0,0,0,0,0,0,1,0],
            [0,3,0,0,0,0,2,0,0,1,0,0,0],
            [0,0,1,0,2,3,0,0,0,0,0,0,0],
            [0,0,0,0,0,2,3,1,0,0,0,0,0],
            [3,2,0,0,1,0,0,0,0,0,0,0,0],
            [2,0,0,0,0,0,0,0,3,0,0,0,1],
            [0,0,0,0,0,1,0,3,2,0,0,0,0],
            [0,0,3,0,0,0,0,2,1,0,0,0,0],
            [0,0,0,1,0,0,0,0,0,3,2,0,0],
            [1,0,0,0,0,0,0,0,0,0,0,3,2]
           ],
           [
            [0,0,0,0,0,0,0,0,0,0,1,2,3],
            [0,1,0,2,3,0,0,0,0,0,0,0,0],
            [0,0,0,0,0,0,1,0,0,2,3,0,0],
            [0,0,2,3,0,0,0,0,0,0,0,1,0],
            [0,3,1,0,0,0,0,2,0,0,0,0,0],
            [0,0,0,0,2,3,0,0,0,1,0,0,0],
            [0,0,0,0,0,2,3,1,0,0,0,0,0],
            [3,2,0,0,1,0,0,0,0,0,0,0,0],
            [2,0,0,0,0,0,0,0,3,0,0,0,1],
            [0,0,0,0,0,1,0,3,2,0,0,0,0],
            [0,0,3,0,0,0,2,0,1,0,0,0,0],
            [0,0,0,1,0,0,0,0,0,3,2,0,0],
            [1,0,0,0,0,0,0,0,0,0,0,3,2]
           ],
           [
            [0,0,0,0,0,0,0,0,0,0,1,2,3],
            [0,1,0,2,3,0,0,0,0,0,0,0,0],
            [0,0,0,0,0,0,1,0,0,2,3,0,0],
            [0,0,2,3,0,0,0,0,0,0,0,1,0],
            [0,3,1,0,0,0,2,0,0,0,0,0,0],
            [0,0,0,0,2,3,0,0,0,1,0,0,0],
            [0,0,0,0,0,2,3,1,0,0,0,0,0],
            [3,2,0,0,1,0,0,0,0,0,0,0,0],
            [2,0,0,0,0,0,0,0,3,0,0,0,1],
            [0,0,0,0,0,1,0,3,2,0,0,0,0],
            [0,0,3,0,0,0,0,2,1,0,0,0,0],
            [0,0,0,1,0,0,0,0,0,3,2,0,0],
            [1,0,0,0,0,0,0,0,0,0,0,3,2]
           ]
          ]
         ).
teszteset(9,szt(10,4,[i(1,6,3),i(3,5,1),i(4,3,4),i(4,8,3),i(5,2,2),i(6,2,1),i(6,9,2),i(7,2,4),i(7,9,3),i(8,6,4),i(9,4,3),i(9,8,1),i(9,9,4),i(10,6,1),i(10,10,4)]),
          [
           [
            [0,0,1,0,2,3,4,0,0,0],
            [2,0,0,0,0,0,3,4,0,1],
            [0,3,0,4,1,0,0,2,0,0],
            [1,0,4,0,0,0,0,3,0,2],
            [4,2,0,0,3,0,0,0,1,0],
            [0,1,3,0,4,0,0,0,2,0],
            [0,4,0,0,0,2,1,0,3,0],
            [0,0,2,1,0,4,0,0,0,3],
            [0,0,0,3,0,0,2,1,4,0],
            [3,0,0,2,0,1,0,0,0,4]
           ],
           [
            [0,0,1,2,0,3,4,0,0,0],
            [2,0,0,0,0,0,3,4,0,1],
            [0,3,0,4,1,0,0,2,0,0],
            [1,0,4,0,0,0,0,3,0,2],
            [4,2,0,0,3,0,0,0,1,0],
            [0,1,3,0,4,0,0,0,2,0],
            [0,4,0,0,0,2,1,0,3,0],
            [0,0,2,1,0,4,0,0,0,3],
            [0,0,0,3,0,0,2,1,4,0],
            [3,0,0,0,2,1,0,0,0,4]
           ]
          ]
         ).
teszteset(10,szt(11,6,[i(1,11,6),i(2,5,6),i(3,8,6),i(4,3,6),i(4,6,2),i(5,10,6),i(6,2,6),i(7,6,6),i(8,1,6),i(9,7,4),i(10,7,6),i(11,9,6)]),
          [
           [
            [0,0,0,1,2,3,0,4,5,0,6],
            [0,0,0,5,6,0,1,2,3,4,0],
            [0,2,0,3,4,5,0,6,0,0,1],
            [4,0,6,0,1,2,3,0,0,5,0],
            [3,1,5,0,0,4,0,0,0,6,2],
            [2,6,4,0,0,0,5,0,0,1,3],
            [1,5,3,0,0,6,0,0,0,2,4],
            [6,4,2,0,0,0,0,0,1,3,5],
            [0,0,1,6,5,0,4,3,2,0,0],
            [0,3,0,2,0,1,6,5,4,0,0],
            [5,0,0,4,3,0,2,1,6,0,0]
           ]
          ]
         ).